L0: 0,-350,539,32
L1: 263,-318,11,19
L2: 0,-276,539,330
L3: 42,-230,16,19 61,-230,24,19 87,-230,5,19 98,-230,9,19 114,-230,12,19 240,-227,7,12 250,-223,7,8 258,-223,9,8 270,-223,6,8 297,-227,7,12 308,-223,7,8 317,-223,8,8 331,-223,8,11 344,-224,5,9 353,-224,6,9 368,-224,5,9 378,-224,5,9 387,-224,7,9 403,-227,2,12 411,-224,12,9 428,-224,5,9 436,-224,4,9 442,-227,3,12 454,-227,2,12 458,-224,12,9 473,-227,1,12 483,-227,2,12 490,-224,4,9
L4: 68,-185,185,24 134,-179,11,12 307,-198,211,6
L5: 150,-175,6,8 158,-175,7,8 167,-175,1,8 174,-176,4,9 184,-176,5,9 358,-180,9,12 371,-176,6,8 379,-186,104,24 384,-177,3,9 397,-180,0,12 407,-177,0,9 414,-177,0,8 418,-177,4,9 427,-177,4,9
L6: 145,-137,2,11 154,-137,5,11 163,-128,1,2 166,-137,8,11 179,-137,5,11 374,-139,5,11 386,-139,3,11 396,-139,7,11 407,-139,5,11
L7: 61,-101,3,5 62,-87,4,5 223,-106,39,44 306,-102,8,5 335,-103,0,6 344,-103,13,6 362,-103,0,5 407,-103,2,5 413,-103,1,5 418,-103,3,2 424,-103,1,4 471,-109,27,44 508,-121,1,8
L8: 58,-88,0,9 66,-99,3,4 70,-99,4,3 75,-99,2,4 78,-98,3,3 90,-100,5,5 97,-98,1,3 164,-100,1,5 168,-100,3,5 175,-100,4,2 182,-100,2,4 306,-88,3,5 316,-101,2,4 321,-101,8,4 337,-101,3,4 340,-89,0,5 359,-89,0,5 364,-101,3,3 369,-101,10,3
L9: 63,-73,1,5 66,-71,2,3 68,-85,2,3 70,-73,5,5 72,-85,2,3 77,-85,3,4 78,-71,0,3 82,-85,4,3 87,-70,3,3 88,-85,2,4 165,-86,1,5 165,-72,1,5 169,-86,3,5 170,-72,2,5 176,-72,8,4 181,-86,3,5 306,-74,3,5 311,-86,3,3 311,-73,3,4 316,-87,7,4 316,-73,7,3 325,-73,3,3 326,-87,2,4 333,-88,2,4 334,-75,5,5 337,-88,1,4 341,-75,1,5 342,-87,3,3 345,-75,3,5 347,-87,3,3 351,-74,8,4 361,-87,3,3 405,-76,2,5 406,-89,2,5 411,-76,1,5 412,-89,3,4 416,-76,7,5 417,-89,3,2 423,-90,1,5
L10: 74,-28,3,4 83,-27,1,4 87,-28,7,5
L11: 74,-7,64,8 75,-19,0,5 77,-19,3,5 84,-17,2,3 87,-17,4,3 96,-26,2,3 98,-18,0,4 100,-16,5,3 101,-26,3,5 105,-26,3,3 107,-16,2,3 111,-17,1,4 114,-26,2,3 116,-16,3,3 118,-26,1,4 121,-16,3,3 126,-26,2,3 130,-16,7,5 131,-25,6,3 139,-25,3,3 139,-16,3,4 146,-25,0,3 154,-26,2,4 156,-17,1,4 160,-17,1,4 163,-25,0,4 163,-16,3,3 169,-27,7,5 172,-15,3,2 177,-17,3,4 178,-26,1,4 182,-26,3,4 183,-17,1,4 189,-16,2,3 191,-27,3,6 193,-16,3,3 197,-26,2,3 198,-16,7,3 201,-26,3,3 206,-27,1,4 207,-16,3,2 211,-27,5,4 212,-17,1,4 214,-16,8,3 218,-26,3,3 223,-17,1,4 227,-28,5,5 227,-15,2,2 236,-26,0,4
L12: 474,16,7,2 494,-3,7,2 496,0,1,1
